% latex table generated in R 3.5.3 by xtable 1.8-3 package
% Tue Mar 19 18:19:32 2019
\begin{table}[!ht]
\centering
\begin{tabular}{lllll}
  \hline
nom & agricole & artificiel & eau & naturel \\ 
  \hline
A02 & 0\% & 0\% & 87\% & 13\% \\ 
  A03 & 0\% & 0\% & 94\% & 6\% \\ 
  A04 & 0\% & 0\% & 96\% & 4\% \\ 
  A05 & 0\% & 0\% & 97\% & 3\% \\ 
  B03 & 0\% & 0\% & 98\% & 2\% \\ 
  B04 & 0\% & 2\% & 53\% & 45\% \\ 
  B05 & 8\% & 4\% & 53\% & 34\% \\ 
  C04 & 2\% & 4\% & 55\% & 39\% \\ 
  C05 & 46\% & 39\% & 4\% & 12\% \\ 
  C06 & 1\% & 3\% & 89\% & 6\% \\ 
  D03 & 0\% & 0\% & 97\% & 3\% \\ 
  D04 & 4\% & 13\% & 17\% & 66\% \\ 
  D05 & 48\% & 41\% & 0\% & 11\% \\ 
  D06 & 44\% & 38\% & 7\% & 10\% \\ 
  D07 & 31\% & 39\% & 20\% & 10\% \\ 
  D08 & 37\% & 15\% & 17\% & 32\% \\ 
  D09 & 5\% & 0\% & 81\% & 14\% \\ 
  E03 & 1\% & 1\% & 58\% & 40\% \\ 
  E04 & 22\% & 10\% & 0\% & 68\% \\ 
  E05 & 31\% & 29\% & 0\% & 39\% \\ 
  E06 & 53\% & 38\% & 0\% & 9\% \\ 
  E07 & 46\% & 45\% & 0\% & 10\% \\ 
  E08 & 30\% & 30\% & 0\% & 40\% \\ 
  E09 & 34\% & 5\% & 14\% & 46\% \\ 
  E10 & 16\% & 0\% & 56\% & 28\% \\ 
  E11 & 47\% & 0\% & 8\% & 45\% \\ 
  E12 & 68\% & 0\% & 2\% & 30\% \\ 
  E13 & 52\% & 0\% & 0\% & 48\% \\ 
  F03 & 0\% & 2\% & 94\% & 4\% \\ 
  F04 & 28\% & 44\% & 2\% & 26\% \\ 
  F05 & 25\% & 14\% & 0\% & 60\% \\ 
  F06 & 37\% & 24\% & 0\% & 40\% \\ 
  F07 & 39\% & 37\% & 0\% & 24\% \\ 
  F08 & 22\% & 8\% & 0\% & 70\% \\ 
  F09 & 52\% & 16\% & 0\% & 32\% \\ 
  F10 & 45\% & 7\% & 1\% & 48\% \\ 
  F11 & 36\% & 3\% & 1\% & 60\% \\ 
  F12 & 68\% & 5\% & 0\% & 27\% \\ 
  F13 & 58\% & 1\% & 0\% & 41\% \\ 
  G02 & 6\% & 10\% & 79\% & 5\% \\ 
  G03 & 23\% & 43\% & 31\% & 3\% \\ 
  G04 & 45\% & 34\% & 0\% & 21\% \\ 
  G05 & 36\% & 23\% & 0\% & 41\% \\ 
  G06 & 49\% & 8\% & 0\% & 43\% \\ 
  G07 & 42\% & 4\% & 0\% & 54\% \\ 
  G08 & 10\% & 12\% & 0\% & 78\% \\ 
  G09 & 55\% & 7\% & 0\% & 38\% \\ 
  G10 & 65\% & 4\% & 0\% & 31\% \\ 
  G11 & 39\% & 5\% & 0\% & 56\% \\ 
  G12 & 55\% & 5\% & 0\% & 40\% \\ 
   \hline
\end{tabular}
\end{table}
% latex table generated in R 3.5.3 by xtable 1.8-3 package
% Tue Mar 19 18:19:32 2019
\begin{table}[!ht]
\centering
\begin{tabular}{lllll}
  \hline
nom & agricole & artificiel & eau & naturel \\ 
  \hline
G13 & 85\% & 7\% & 0\% & 9\% \\ 
  H01 & 0\% & 0\% & 98\% & 2\% \\ 
  H02 & 3\% & 3\% & 84\% & 10\% \\ 
  H03 & 11\% & 30\% & 57\% & 2\% \\ 
  H04 & 41\% & 53\% & 0\% & 6\% \\ 
  H05 & 35\% & 41\% & 0\% & 24\% \\ 
  H06 & 44\% & 7\% & 0\% & 49\% \\ 
  H07 & 66\% & 16\% & 0\% & 17\% \\ 
  H08 & 30\% & 29\% & 0\% & 41\% \\ 
  H09 & 44\% & 5\% & 0\% & 51\% \\ 
  H10 & 32\% & 4\% & 0\% & 64\% \\ 
  H11 & 27\% & 3\% & 0\% & 71\% \\ 
  H12 & 79\% & 3\% & 0\% & 18\% \\ 
  I03 & 3\% & 1\% & 52\% & 43\% \\ 
  I04 & 32\% & 24\% & 6\% & 38\% \\ 
  I05 & 39\% & 20\% & 0\% & 41\% \\ 
  I06 & 13\% & 8\% & 0\% & 79\% \\ 
  I07 & 36\% & 8\% & 0\% & 56\% \\ 
  I08 & 30\% & 13\% & 0\% & 57\% \\ 
  I09 & 29\% & 6\% & 0\% & 65\% \\ 
  I10 & 26\% & 8\% & 0\% & 66\% \\ 
  I11 & 21\% & 5\% & 0\% & 74\% \\ 
  I12 & 80\% & 4\% & 0\% & 17\% \\ 
  J03 & 0\% & 1\% & 91\% & 8\% \\ 
  J04 & 9\% & 6\% & 39\% & 46\% \\ 
  J05 & 47\% & 13\% & 0\% & 41\% \\ 
  J06 & 54\% & 12\% & 0\% & 34\% \\ 
  J07 & 44\% & 11\% & 0\% & 45\% \\ 
  J08 & 77\% & 3\% & 0\% & 20\% \\ 
  J09 & 62\% & 6\% & 0\% & 32\% \\ 
  J10 & 20\% & 2\% & 0\% & 77\% \\ 
  J11 & 66\% & 0\% & 0\% & 34\% \\ 
  J12 & 37\% & 5\% & 0\% & 58\% \\ 
  J13 & 11\% & 12\% & 0\% & 77\% \\ 
  K04 & 18\% & 11\% & 59\% & 13\% \\ 
  K05 & 61\% & 23\% & 0\% & 16\% \\ 
  K06 & 38\% & 3\% & 0\% & 59\% \\ 
  K07 & 45\% & 12\% & 0\% & 43\% \\ 
  K08 & 78\% & 3\% & 0\% & 19\% \\ 
  K09 & 37\% & 4\% & 0\% & 58\% \\ 
  K10 & 13\% & 1\% & 0\% & 85\% \\ 
  K11 & 28\% & 1\% & 0\% & 71\% \\ 
  K12 & 2\% & 17\% & 0\% & 80\% \\ 
  K13 & 0\% & 42\% & 0\% & 58\% \\ 
  L04 & 29\% & 27\% & 25\% & 18\% \\ 
  L05 & 38\% & 39\% & 0\% & 24\% \\ 
  L06 & 21\% & 20\% & 0\% & 59\% \\ 
  L07 & 15\% & 9\% & 0\% & 76\% \\ 
  L08 & 43\% & 1\% & 0\% & 56\% \\ 
  L09 & 34\% & 5\% & 0\% & 60\% \\ 
   \hline
\end{tabular}
\end{table}
% latex table generated in R 3.5.3 by xtable 1.8-3 package
% Tue Mar 19 18:19:32 2019
\begin{table}[!ht]
\centering
\begin{tabular}{lllll}
  \hline
nom & agricole & artificiel & eau & naturel \\ 
  \hline
L10 & 1\% & 9\% & 0\% & 90\% \\ 
  L11 & 3\% & 9\% & 0\% & 88\% \\ 
  L12 & 10\% & 21\% & 0\% & 68\% \\ 
  Total & 31\% & 13\% & 18\% & 39\% \\ 
   \hline
\end{tabular}
\end{table}
